780
775
351
216
956
157
327
202
149
141
213
640
588
457
150
883
468
674
358
353
206
905
924
77
303
592
833
302
159
948
412
491
227
841
344
900
176
724
249
831
306
478
418
611
342
891
657
332
846
884
359
383
936
449
861
848
680
733
862
931
545
655
173
640
522
917
369
130
114
326
956
246
190
872
522
12
839
108
965
47
715
994
305
126
74
518
757
422
635
78
732
266
641
834
174
615
3
980
169
823
229
143
93
690
893
950
638
254
774
119
941
212
443
307
713
437
980
343
673
520
719
417
839
905
409
233
212
736
933
159
182
213
780
900
547
873
802
308
358
953
390
494
984
685
84
556
627
156
836
870
261
132
571
78
419
97
424
614
495
580
86
857
273
747
935
772
204
138
254
204
544
386
667
834
850
730
90
162
473
122
894
793
646
813
696
733
469
324
175
344
592
844
584
133
705
225
149
543
963
890
428
494
368
196
746
487
717
1
275
725
159
441
965
836
561
234
490
467
906
126
628
245
625
451
983
322
369
190
777
11
987
266
504
818
598
343
616
519
513
781
25
785
430
3
163
286
731
980
512
89
988
183
24
684
717
915
614
915
264
569
942
647
220
60
54
45
145
309
37
935
483
467
758
816
469
250
901
774
505
594
10
696
974
646
941
920
691
945
163
682
221
570
655
500
138
890
694
956
847
553
729
150
11
300
640
480
751
187
130
308
741
879
696
487
44
709
595
702
11
315
514
53
882
817
182
358
764
629
986
184
514
217
795
703
693
357
544
127
142
655
836
557
940
444
768
828
457
446
398
105
983
964
834
736
929
746
664
153
924
71
585
401
213
76
408
233
656
784
263
547
258
845
781
378
630
500
186
560
975
885
766
633
200
363
908
601
559
243
981
615
756
860
639
762
812
743
737
695
130
279
973
968
59
64
495
605
999
914
199
568
519
340
167
561
236
124
728
802
213
540
877
187
467
656
436
587
769
127
129
830
273
832
942
314
711
752
524
76
778
498
112
594
92
988
437
529
596
858
330
152
552
352
321
174
348
563
310
302
169
131
544
888
235
704
495
695
680
749
917
917
378
566
320
296
938
700
325
386
908
289
880
752
688
274
128
156
24
802
782
627
20
612
227
593
484
670
223
170
90
813
972
75
269
724
574
566
961
118
308
288
375
611
11
864
658
417
830
642
971
628
965
18
788
581
648
367
379
497
447
739
324
381
233
99
618
924
512
94
387
986
641
38
464
100
411
40
152
301
788
980
267
512
214
349
190
660
673
796
987
686
931
598
874
595
724
173
172
756
426
175
682
728
665
685
860
975
657
495
493
2
568
510
610
554
19
856
230
782
5
351
156
451
839
638
449
558
452
397
390
2
296
781
715
277
360
368
655
508
307
736
861
535
551
976
566
164
163
323
494
150
857
362
836
959
954
198
323
860
144
323
828
430
56
869
172
156
154
409
802
382
231
435
775
502
808
181
89
980
115
520
689
438
885
229
653
815
133
67
938
337
241
731
771
841
122
944
226
805
979
656
802
304
202
556
816
981
213
893
270
43
681
894
429
246
369
899
725
793
23
730
760
94
144
667
121
371
166
879
446
159
571
84
660
865
732
733
606
667
815
4
352
219
907
505
281
805
644
585
739
828
23
873
376
767
705
721
527
35
142
968
966
482
33
635
74
650
159
892
39
267
455
938
986
872
221
214
49
928
782
731
268
245
493
134
852
42
968
563
770
527
558
251
897
440
635
312
885
598
983
132
752
138
630
305
741
787
841
126
318
218
516
236
344
249
219
102
331
419
167
722
396
266
999
67
997
435
875
528
771
613
452
847
859
179
620
810
864
343
418
273
246
520
430
924
280
657
123
570
890
233
966
620
602
697
908
876
579
180
777
696
198
422
402
102
924
975
848
414
284
936
937
555
596
626
383
260
738
887
227
33
638
916
953
854
368
833
603
316
684
534
455
76
608
691
344
261
190
187
502
733
875
650
870
929
35
226
192
324
57
190
861
443
73
517
383
728
840
62
555
522
488
573
913
872
873
378
795
863
58
191
402
703
966
183
570
845
670
118
564
27
816
136
129
207
680
467
171
35
966
184
914
683
973
926
104
572
989
349
872
747
812
977
119
482
96
16
923
938
835
656
273
584
661
352
620
439
787
595
136
88
379
719
277
863
840
352
233
545
20
237
125
427
600
282
343
612
23
841
249
964
138
459
594
230
375
502
367
461
666
396
493
7
528
448
722
58
675
566
314
887
296
550
626
720
656
986
500
421
985
230
